GENERATOR STARTED
nuovo
nuovo
nuovo
nuovo
nuovo
nuovo
nuovo
nuovo
nuovo
nuovo
nuovo
nuovo
nuovo
nuovo
nuovo
nuovo
nuovo
nuovo
nuovo
nuovo
nuovo
nuovo
nuovo
nuovo
nuovo
nuovo
nuovo
nuovo
nuovo
nuovo
nuovo
nuovo
nuovo
nuovo
nuovo
nuovo
nuovo
nuovo
nuovo
nuovo
nuovo
nuovo
nuovo
nuovo
nuovo
nuovo
nuovo
nuovo
nuovo
nuovo
nuovo
nuovo
nuovo
nuovo
nuovo
nuovo
nuovo
nuovo
nuovo
nuovo
nuovo
nuovo
nuovo
nuovo
nuovo
nuovo
nuovo
nuovo
nuovo
nuovo
nuovo
nuovo
nuovo
nuovo
nuovo
nuovo
nuovo
nuovo
nuovo
nuovo
nuovo
nuovo
0.959343 già visto 2 volte con 0.960179 (scarto di 0.000835)
1.762293 già visto 2 volte con 1.762271 (scarto di 0.000023)
1.344365 già visto 2 volte con 1.343979 (scarto di 0.000386)
0.568967 già visto 2 volte con 0.568563 (scarto di 0.000404)
0.646336 già visto 2 volte con 0.646082 (scarto di 0.000254)
1.709064 già visto 2 volte con 1.708733 (scarto di 0.000331)
1.737247 già visto 2 volte con 1.737598 (scarto di 0.000351)
1.563412 già visto 2 volte con 1.564285 (scarto di 0.000873)
1.344903 già visto 3 volte con 1.343979 (scarto di 0.000923)
0.321757 già visto 2 volte con 0.320934 (scarto di 0.000824)
0.320173 già visto 3 volte con 0.320934 (scarto di 0.000761)
0.526920 già visto 2 volte con 0.526307 (scarto di 0.000614)
0.617417 già visto 2 volte con 0.618080 (scarto di 0.000663)
1.993577 già visto 2 volte con 1.993959 (scarto di 0.000381)
0.568861 già visto 3 volte con 0.568563 (scarto di 0.000298)
0.680713 già visto 2 volte con 0.680523 (scarto di 0.000189)
0.660781 già visto 2 volte con 0.660836 (scarto di 0.000055)
0) 0.718209
1) 0.699535
2) 0.680523
3) 0.660836
4) 0.640134
5) 0.618080
6) 0.594335
7) 0.568563
8) 0.540424
9) 0.509581
10) 0.475696
11) 0.438431
12) 0.397447
13) 0.352407
14) 0.302972
15) 0.248805
16) 0.189568
17) 0.124922
18) 0.054529
19) 1.978052
20) 1.895153
21) 1.805492
22) 1.708733
23) 1.604538
24) 1.492568
25) 1.372484
26) 1.243951
27) 1.106628
28) 0.960179
29) 0.804264
30) 0.638547
31) 0.462689
32) 0.276352
33) 0.079198
34) 1.870888
35) 1.651086
36) 1.419453
37) 1.175651
38) 0.919341
39) 0.650186
40) 0.367848
41) 0.071989
42) 1.762271
43) 1.438355
44) 1.099904
45) 0.746580
46) 0.378044
47) 1.993959
48) 1.593986
49) 1.177788
50) 0.745026
51) 0.295363
52) 1.828460
53) 1.343979
54) 0.841583
55) 0.320934
56) 1.781692
57) 1.223521
58) 0.646082
59) 0.049037
60) 1.432049
61) 0.794778
62) 0.136888
63) 1.458039
64) 0.757895
65) 0.036117
66) 1.292367
67) 0.526307
68) 1.737598
69) 0.925904
70) 0.090885
71) 1.232205
72) 0.349524
73) 1.442504
74) 0.510809
75) 1.554099
76) 0.572037
77) 1.564285
78) 0.530504
79) 1.470357
80) 0.383505
81) 1.269611
82) 0.128336
83) 0.959343
84) 1.762293
85) 0.536849
86) 1.282672
87) 1.999424
88) 0.686768
89) 1.344365
90) 1.971877
91) 0.568967
92) 1.135295
93) 1.670525
94) 0.174318
95) 0.646336
96) 1.086241
97) 1.493695
98) 1.868360
99) 0.209898
100) 0.517970
101) 0.792240
102) 1.032369
103) 1.238018
104) 1.408851
105) 1.544528
106) 1.644712
107) 1.709064
108) 1.737247
109) 1.728923
110) 1.683754
111) 1.601401
112) 1.481527
113) 1.323793
114) 1.127862
115) 0.893395
116) 0.620054
117) 0.307502
118) 1.955401
119) 1.563412
120) 1.131197
121) 0.658418
122) 0.144738
123) 1.589817
124) 0.993319
125) 0.354905
126) 1.674238
127) 0.950978
128) 0.184789
129) 1.375331
130) 0.522268
131) 1.625260
132) 0.683970
133) 1.698061
134) 0.667193
135) 1.591029
136) 0.469231
137) 1.301460
138) 0.087380
139) 0.826651
140) 1.518936
141) 0.163896
142) 0.761194
143) 1.310492
144) 1.811451
145) 0.263734
146) 0.667002
147) 1.020918
148) 1.325144
149) 1.579340
150) 1.783170
151) 1.936296
152) 0.038378
153) 0.089080
154) 0.088064
155) 0.034990
156) 1.929522
157) 1.771321
158) 1.560049
159) 1.295368
160) 0.976940
161) 0.604427
162) 0.177492
163) 1.695795
164) 1.158999
165) 0.566766
166) 1.918758
167) 1.214637
168) 0.454065
169) 1.636703
170) 0.762214
171) 1.830260
172) 0.840503
173) 1.792604
174) 0.686226
175) 1.521031
176) 0.296680
177) 1.012836
178) 1.669160
179) 0.265315
180) 0.800962
181) 1.275763
182) 1.689381
183) 0.041478
184) 0.331714
185) 0.559753
186) 0.725257
187) 0.827886
188) 0.867304
189) 0.843172
190) 0.755152
191) 0.602906
192) 0.386096
193) 0.104384
194) 1.757432
195) 1.344903
196) 0.866457
197) 0.321757
198) 1.710465
199) 1.032243
200) 0.286753
201) 1.473656
202) 0.592616
203) 1.643293
204) 0.625350
205) 1.538448
206) 0.382250
207) 1.156418
208) 1.860613
209) 0.494498
210) 1.057735
211) 1.549984
212) 1.970910
213) 0.320173
214) 0.597435
215) 0.802358
216) 0.934605
217) 0.993838
218) 0.979717
219) 0.891906
220) 0.730066
221) 0.493859
222) 0.182947
223) 1.796993
224) 1.335657
225) 0.798603
226) 0.185491
227) 1.495985
228) 0.729745
229) 1.886435
230) 0.965715
231) 1.967249
232) 0.890697
233) 1.735722
234) 0.501985
235) 1.189150
236) 1.796877
237) 0.324829
238) 0.772667
239) 1.140055
240) 1.426652
241) 1.632123
242) 1.756128
243) 1.798329
244) 1.758389
245) 1.635969
246) 1.430732
247) 1.142339
248) 0.770452
249) 0.314734
250) 1.774846
251) 1.150450
252) 0.441209
253) 1.646783
254) 0.766836
255) 1.801029
256) 0.749024
257) 1.610484
258) 0.385069
259) 1.072442
260) 1.672265
261) 0.184200
262) 0.607909
263) 0.943054
264) 1.189297
265) 1.346300
266) 1.413724
267) 1.391232
268) 1.278486
269) 1.075148
270) 0.780879
271) 0.395342
272) 1.918198
273) 1.349110
274) 0.687740
275) 1.933749
276) 1.086799
277) 0.146553
278) 1.112673
279) 1.984820
280) 0.762656
281) 1.445844
282) 0.034044
283) 0.526920
284) 0.924134
285) 1.225346
286) 1.430220
287) 1.538417
288) 1.549599
289) 1.463428
290) 1.279566
291) 0.997675
292) 0.617417
293) 0.138454
294) 1.560448
295) 0.883061
296) 0.105954
297) 1.228791
298) 0.251232
299) 1.172940
300) 1.993577
301) 0.712805
302) 1.330285
303) 1.845680
304) 0.258651
305) 0.568861
306) 0.775972
307) 0.879645
308) 0.879543
309) 0.775327
310) 0.566659
311) 0.253202
312) 1.834617
313) 1.310567
314) 0.680713
315) 1.944717
316) 1.102242
317) 0.152948
318) 1.096499
319) 1.932556
320) 0.660781
321) 1.280836
322) 1.792383
323) 0.195085
324) 0.000000
325) 0.000000
326) 0.000000
327) 0.000000
328) 0.000000
329) 0.000000
