GENERATOR STARTED
nuovo
nuovo
nuovo
nuovo
nuovo
nuovo
nuovo
nuovo
nuovo
nuovo
nuovo
nuovo
nuovo
nuovo
nuovo
nuovo
nuovo
nuovo
nuovo
nuovo
nuovo
nuovo
nuovo
nuovo
nuovo
nuovo
nuovo
nuovo
nuovo
nuovo
nuovo
nuovo
nuovo
nuovo
nuovo
nuovo
nuovo
nuovo
nuovo
nuovo
nuovo
nuovo
nuovo
nuovo
nuovo
nuovo
nuovo
nuovo
nuovo
nuovo
nuovo
nuovo
nuovo
nuovo
nuovo
nuovo
nuovo
nuovo
nuovo
0.432049 già visto 2 volte con 0.431437 (scarto di 0.000612)
0.650476 già visto 2 volte con 0.651086 (scarto di 0.000610)
0.871664 già visto 2 volte con 0.870888 (scarto di 0.000775)
0.040657 già visto 2 volte con 0.039821 (scarto di 0.000835)
0.762293 già visto 2 volte con 0.762271 (scarto di 0.000023)
0.282672 già visto 1 volte con 0.281791 (scarto di 0.000881)
0.344365 già visto 2 volte con 0.343979 (scarto di 0.000386)
0.431033 già visto 3 volte con 0.431437 (scarto di 0.000404)
0.353664 già visto 2 volte con 0.353918 (scarto di 0.000254)
0.709064 già visto 2 volte con 0.708733 (scarto di 0.000331)
0.106605 già visto 2 volte con 0.106628 (scarto di 0.000023)
0.301460 già visto 2 volte con 0.300465 (scarto di 0.000996)
0.158999 già visto 2 volte con 0.158417 (scarto di 0.000582)
0.244848 già visto 2 volte con 0.243951 (scarto di 0.000898)
0.895616 già visto 2 volte con 0.895153 (scarto di 0.000463)
0.344903 già visto 3 volte con 0.343979 (scarto di 0.000923)
0.678243 già visto 2 volte con 0.679066 (scarto di 0.000824)
0.679827 già visto 3 volte con 0.679066 (scarto di 0.000761)
0.632123 già visto 2 volte con 0.632152 (scarto di 0.000029)
0.430732 già visto 4 volte con 0.431437 (scarto di 0.000705)
0.646783 già visto 2 volte con 0.647593 (scarto di 0.000810)
0.604658 già visto 2 volte con 0.604538 (scarto di 0.000121)
0.349110 già visto 2 volte con 0.349814 (scarto di 0.000703)
0.382583 già visto 2 volte con 0.381920 (scarto di 0.000663)
0.993577 già visto 2 volte con 0.993959 (scarto di 0.000381)
0.431139 già visto 5 volte con 0.431437 (scarto di 0.000298)
0.224028 già visto 2 volte con 0.223521 (scarto di 0.000507)
0.319287 già visto 2 volte con 0.319477 (scarto di 0.000189)
0.944717 già visto 2 volte con 0.945471 (scarto di 0.000754)
0.339219 già visto 2 volte con 0.339164 (scarto di 0.000055)
0.280836 già visto 2 volte con 0.281791 (scarto di 0.000955)
0.804915 già visto 2 volte con 0.805492 (scarto di 0.000577)
0) -0.281791
1) -0.300465
2) -0.319477
3) -0.339164
4) -0.359866
5) -0.381920
6) -0.405665
7) -0.431437
8) -0.459576
9) -0.490419
10) -0.524304
11) -0.561569
12) -0.602553
13) -0.647593
14) -0.697028
15) -0.751195
16) -0.810432
17) -0.875078
18) -0.945471
19) 0.978052
20) 0.895153
21) 0.805492
22) 0.708733
23) 0.604538
24) 0.492568
25) 0.372484
26) 0.243951
27) 0.106628
28) -0.039821
29) -0.195736
30) -0.361453
31) -0.537311
32) -0.723648
33) -0.920802
34) 0.870888
35) 0.651086
36) 0.419453
37) 0.175651
38) -0.080659
39) -0.349814
40) -0.632152
41) -0.928011
42) 0.762271
43) 0.438355
44) 0.099904
45) -0.253420
46) -0.621956
47) 0.993959
48) 0.593986
49) 0.177788
50) -0.254974
51) -0.704637
52) 0.828460
53) 0.343979
54) -0.158417
55) -0.679066
56) 0.781692
57) 0.223521
58) -0.353918
59) -0.950963
60) 0.432049
61) -0.205222
62) -0.863112
63) 0.458039
64) -0.242105
65) -0.963883
66) 0.292367
67) -0.473693
68) 0.737598
69) -0.074096
70) -0.909115
71) 0.232205
72) -0.650476
73) 0.442504
74) -0.489191
75) 0.554099
76) -0.427963
77) 0.564285
78) -0.469496
79) 0.470357
80) -0.616495
81) 0.269611
82) -0.871664
83) -0.040657
84) 0.762293
85) -0.463151
86) 0.282672
87) 0.999424
88) -0.313232
89) 0.344365
90) 0.971877
91) -0.431033
92) 0.135295
93) 0.670525
94) -0.825682
95) -0.353664
96) 0.086241
97) 0.493695
98) 0.868360
99) -0.790102
100) -0.482030
101) -0.207760
102) 0.032369
103) 0.238018
104) 0.408851
105) 0.544528
106) 0.644712
107) 0.709064
108) 0.737247
109) 0.728923
110) 0.683754
111) 0.601401
112) 0.481527
113) 0.323793
114) 0.127862
115) -0.106605
116) -0.379946
117) -0.692498
118) 0.955401
119) 0.563412
120) 0.131197
121) -0.341582
122) -0.855262
123) 0.589817
124) -0.006681
125) -0.645095
126) 0.674238
127) -0.049022
128) -0.815211
129) 0.375331
130) -0.477732
131) 0.625260
132) -0.316030
133) 0.698061
134) -0.332807
135) 0.591029
136) -0.530769
137) 0.301460
138) -0.912620
139) -0.173349
140) 0.518936
141) -0.836104
142) -0.238806
143) 0.310492
144) 0.811451
145) -0.736266
146) -0.332998
147) 0.020918
148) 0.325144
149) 0.579340
150) 0.783170
151) 0.936296
152) -0.961622
153) -0.910920
154) -0.911936
155) -0.965010
156) 0.929522
157) 0.771321
158) 0.560049
159) 0.295368
160) -0.023060
161) -0.395573
162) -0.822508
163) 0.695795
164) 0.158999
165) -0.433234
166) 0.918758
167) 0.214637
168) -0.545935
169) 0.636703
170) -0.237786
171) 0.830260
172) -0.159497
173) 0.792604
174) -0.313774
175) 0.521031
176) -0.703320
177) 0.012836
178) 0.669160
179) -0.734685
180) -0.199038
181) 0.275763
182) 0.689381
183) -0.958522
184) -0.668286
185) -0.440247
186) -0.274743
187) -0.172114
188) -0.132696
189) -0.156828
190) -0.244848
191) -0.397094
192) -0.613904
193) -0.895616
194) 0.757432
195) 0.344903
196) -0.133543
197) -0.678243
198) 0.710465
199) 0.032243
200) -0.713247
201) 0.473656
202) -0.407384
203) 0.643293
204) -0.374650
205) 0.538448
206) -0.617750
207) 0.156418
208) 0.860613
209) -0.505502
210) 0.057735
211) 0.549984
212) 0.970910
213) -0.679827
214) -0.402565
215) -0.197642
216) -0.065395
217) -0.006162
218) -0.020283
219) -0.108094
220) -0.269934
221) -0.506141
222) -0.817053
223) 0.796993
224) 0.335657
225) -0.201397
226) -0.814509
227) 0.495985
228) -0.270255
229) 0.886435
230) -0.034285
231) 0.967249
232) -0.109303
233) 0.735722
234) -0.498015
235) 0.189150
236) 0.796877
237) -0.675171
238) -0.227333
239) 0.140055
240) 0.426652
241) 0.632123
242) 0.756128
243) 0.798329
244) 0.758389
245) 0.635969
246) 0.430732
247) 0.142339
248) -0.229548
249) -0.685266
250) 0.774846
251) 0.150450
252) -0.558791
253) 0.646783
254) -0.233164
255) 0.801029
256) -0.250976
257) 0.610484
258) -0.614931
259) 0.072442
260) 0.672265
261) -0.815800
262) -0.392091
263) -0.056946
264) 0.189297
265) 0.346300
266) 0.413724
267) 0.391232
268) 0.278486
269) 0.075148
270) -0.219121
271) -0.604658
272) 0.918198
273) 0.349110
274) -0.312260
275) 0.933749
276) 0.086799
277) -0.853447
278) 0.112673
279) 0.984820
280) -0.237344
281) 0.445844
282) -0.965956
283) -0.473080
284) -0.075866
285) 0.225346
286) 0.430220
287) 0.538417
288) 0.549599
289) 0.463428
290) 0.279566
291) -0.002325
292) -0.382583
293) -0.861546
294) 0.560448
295) -0.116939
296) -0.894046
297) 0.228791
298) -0.748768
299) 0.172940
300) 0.993577
301) -0.287195
302) 0.330285
303) 0.845680
304) -0.741349
305) -0.431139
306) -0.224028
307) -0.120355
308) -0.120457
309) -0.224673
310) -0.433341
311) -0.746798
312) 0.834617
313) 0.310567
314) -0.319287
315) 0.944717
316) 0.102242
317) -0.847052
318) 0.096499
319) 0.932556
320) -0.339219
321) 0.280836
322) 0.792383
323) -0.804915
324) 0.000000
325) 0.000000
326) 0.000000
327) 0.000000
328) 0.000000
329) 0.000000
